kinematics:
  shoulder:
    x: 0
    y: 0
    z: 0.1625558033973595
    roll: -0
    pitch: 0
    yaw: -1.190729102401589e-07
  upper_arm:
    x: 0.0001767646320481949
    y: 0
    z: 0
    roll: 1.570983101984359
    pitch: 0
    yaw: 2.586446182110655e-06
  forearm:
    x: -0.4252211792428467
    y: 0
    z: 0
    roll: 0.002042787025750159
    pitch: -0.0006383341167318901
    yaw: 9.130699441195309e-06
  wrist_1:
    x: -0.3928185808484981
    y: -0.0005259431618576967
    z: 0.1330400685052345
    roll: 0.003953248280165734
    pitch: -0.00174058584206966
    yaw: -1.133909506486874e-06
  wrist_2:
    x: -8.983203783231124e-06
    y: -0.09977533286561772
    z: 4.531945435176372e-05
    roll: 1.570342111810757
    pitch: 0
    yaw: 1.704767151727719e-06
  wrist_3:
    x: 7.953268938776715e-05
    y: 0.09953502149750347
    z: 0.0001152566830018228
    roll: 1.571954277330837
    pitch: 3.141592653589793
    yaw: 3.141592012208409
  hash: calib_854218802846038709